AQIL         212260     50.0       60.0       70.0       80.0       90.0      
AIN          211137     90.0       80.0       10.0       60.0       50.0      
AKMAL        210361     80.0       81.0       82.0       83.0       84.0      
JO           209820     71.0       72.0       73.0       74.0       75.0      
ZHEB         209621     90.0       91.0       90.0       92.0       95.0      
CHEW         211797     40.0       56.0       78.0       87.0       89.0      
CHOONG       211247     90.0       95.0       97.0       94.0       92.0      
CHUN         212687     80.0       83.0       85.0       82.0       81.0      
KORSE        212028     45.0       67.0       89.0       65.0       80.0      
SITI         211088     40.0       41.0       42.0       43.0       44.0      
MIRA         212528     87.0       65.0       43.0       56.0       89.0      
YANG         211884     56.0       87.0       90.0       87.0       86.0      
CHUNG        211713     90.0       97.0       95.0       94.0       90.0      
LEE          210004     47.0       49.0       60.0       56.0       75.0      
RUI          211944     68.0       69.0       90.0       87.0       79.0      
ALICE        21098      97.0       89.0       96.0       90.0       94.0      
LEH          211543     67.0       46.0       68.0       67.0       86.0      
AMIRA        212707     54.0       57.0       67.0       78.0       80.0      
AMIR         211404     56.0       57.0       59.0       70.0       71.0      
ALI          210453     40.0       40.0       40.0       56.0       80.0      
